0.5
0.5474884
0.5904578
0.629338
0.6645183
0.6963508
0.725154
0.7512162
0.7747983
0.7961362
0.8154436
0.8329136
0.8487211
0.8630244
0.8759665
0.887677
0.8982731
0.9078609
0.9211357
0.9415052
0.9672659
0.9968598
1.028855
1.061942
1.09495
1.126861
1.156832
1.184207
1.208518
1.229475
1.246949
1.260946
1.271581
1.279047
1.283594
1.28509
1.281755
1.271439
1.252306
1.223317
1.184591
1.13741
1.083837
1.026207
0.9667037
0.9071397
0.8488907
0.7929328
0.7399149
0.6902374
0.6441197
0.6016548
0.5628622
0.5278539
0.4969973
0.4710018
0.4510662
0.4390961
0.437921
0.4512271
0.4826044
0.533263
0.5996252
0.6736728
0.7464881
0.8115701
0.8656613
0.9079309
0.9389127
0.9597636
0.9718653
0.9766663
0.9756506
0.9703733
0.96255
0.9541886
0.9477344
0.9461105
0.9524231
0.9691226
0.9967391
1.032707
1.07119
1.105043
1.129201
1.142477
1.146723
1.145055
1.140607
1.135962
1.132955
1.13262
1.135178
1.140036
1.145815
1.150345
1.150612
1.142889
1.123716
1.091949
1.050021
1.002584
0.9541715
0.9080191
0.8659965
0.8288778
0.796604
0.7685137
0.7435838
0.720696
0.698906
0.67767
0.6570046
0.637602
0.6209712
0.6096272
0.6071454
0.6175996
0.6439518
0.6859886
0.7396827
0.7989688
0.8582923
0.9139453
0.9640265
1.007839
1.045314
1.076637
1.102084
1.121986
1.136784
1.147137
1.154057
1.159063
1.164253
1.172121
1.184867
1.203197
1.225
1.244893
1.255829
1.252433
1.23331
1.200585
1.158013
1.109434
1.058067
1.006356
0.9560299
0.9081997
0.8634145
0.8216527
0.7823112
0.7443239
0.7065469
0.6683526
0.6300754
0.5929713
0.5588217
0.5296363
0.5076651
0.4955674
0.4964167
0.5131583
0.5473242
0.5975667
0.659357
0.72647
0.7930841
0.8549916
0.9096543
0.9557088
0.9925067
1.019915
1.038303
1.048546
1.051967
1.050265
1.045496
1.040092
1.036843
1.038695
1.048235
1.066873
1.093864
1.125461
1.155017
1.175182
1.18133
1.173245
1.153992
1.127819
1.098727
1.069891
1.04355
1.021014
1.002635
0.9877384
0.9746024
0.9605912
0.9426105
0.9180091
0.8857938
0.8473698
0.8059916
0.7654219
0.7289958
0.6993928
0.6786668
0.6681668
0.6683123
0.6784223
0.6968314
0.7213388
0.749813
0.7807286
0.8135014
0.8485331
0.8867962
0.9288042
0.9733901
1.017543
1.057812
1.091906
1.119245
1.140635
1.157695
1.172354
1.186432
1.201305
1.217693
1.235569
1.2542
1.272239
1.287745
1.298029
1.299515
1.288365
1.262386
1.222673
1.172956
1.117562
1.060015
1.002646
0.946735
0.8927929
0.8408546
0.7907464
0.7423021
0.6954939
0.6504732
0.6075516
0.567179
0.5299725
0.4968174
0.4690305
0.4485569
0.4381467
0.4413122
0.4616302
0.5010708
0.5580457
0.6269813
0.700228
0.7707267
0.8335469
0.8860356
0.9272808
0.9574882
0.9775032
0.9885147
0.9919065
0.9892209
0.9822007
0.9728865
0.9637333
0.9576556
0.9578339
0.967138
0.9872174
1.017492
1.054324
1.09118
1.120937
1.13926
1.145952
1.143681
1.136092
1.126615
1.117978
1.112045
1.109754
1.111072
1.114998
1.119628
1.122238
1.119374
1.107289
1.083305
1.047689
1.003969
0.957018
0.9110636
0.8689774
0.8323479
0.8017047
0.7767088
0.7563505
0.7392203
0.7238506
0.7090728
0.6943111
0.6797746
0.6665793
0.6568752
0.6539315
0.6618094
0.6840379
0.7214385
0.7708808
0.8266157
0.8829998
0.9362131
0.9843916
1.027
1.064167
1.09624
1.123563
1.146412
1.165054
1.179855
1.191446
1.200886
1.209781
1.220157
1.233814
1.251044
1.269238
1.282712
1.284929
1.271866
1.24348
1.202578
1.152942
1.098126
1.041
0.9837121
0.9277783
0.8741944
0.8235054
0.7758348
0.7309048
0.6881318
0.6468922
0.6069199
0.5685928
0.5329066
0.5012697
0.4754227
0.4575834
0.4506683
0.4582445
0.4836874
0.5282686
0.5891995
0.6597862
0.7320961
0.7997409
0.8588891
0.9078362
0.9461894
0.9742592
0.9927645
1.002733
1.005463
1.002505
0.9956726
0.9871107
0.9793903
0.9755158
0.9786526
0.991417
1.014825
1.047212
1.08365
1.116921
1.140549
1.151678
1.15134
1.142782
1.129766
1.115637
1.102968
1.093446
1.087818
1.085842
1.086265
1.086852
1.084496
1.075512
1.056541
1.026246
0.9865239
0.9416366
0.8961464
0.8536293
0.8164412
0.7858623
0.7622323
0.7450494
0.7331301
0.7248855
0.7186947
0.7133035
0.7081732
0.7037445
0.7016237
0.7046618
0.7166446
0.7410356
0.778794
0.8269963
0.8800959
0.9327072
0.9813727
1.024669
1.062523
1.095501
1.12432
1.149604
1.171806
1.191249
1.208221
1.223127
1.236644
1.249807
1.263833
1.279332
1.294904
1.306152
1.30696
1.292917
1.263544
1.221484
1.170478
1.114012
1.054842
0.9950021
0.9359329
0.8786249
0.8237159
0.7715509
0.7222156
0.675574
0.6313708
0.5894394
0.5499525
0.5135501
0.4812973
0.4546485
0.4355738
0.4267957
0.4318684
0.4545742
0.4971155
0.5576851
0.6297751
0.7046613
0.7748661
0.8358116
0.8855431
0.9237778
0.9511037
0.9685232
0.9772634
0.9787213
0.974461
0.9662497
0.956143
0.946607
0.9405881
0.941343
0.9518158
0.9735873
1.005737
1.044113
1.081938
1.112484
1.132119
1.141052
1.141945
1.13823
1.133091
1.129018
1.127642
1.129672
1.134887
1.142189
1.149688
1.154738
1.153906
1.143311
1.120082
1.084468
1.040135
0.9920593
0.9444595
0.9001129
0.8604669
0.8259077
0.7960054
0.7697653
0.745924
0.7232748
0.7009628
0.6786871
0.6568011
0.6363793
0.6193419
0.6086189
0.6080725
0.6216564
0.6515884
0.6965411
0.7517301
0.8111165
0.8696833
0.9242944
0.9734123
1.016476
1.053392
1.084242
1.109186
1.128472
1.142528
1.152079
1.158282
1.162861
1.168116
1.176609
1.190338
1.209486
1.231245
1.249731
1.257991
1.251286
1.228916
1.193417
1.148671
1.098506
1.046075
0.9937463
0.9431711
0.8953755
0.8508037
0.8093073
0.7701542
0.7322055
0.6943658
0.656174
0.618152
0.5816634
0.5485196
0.5207591
0.5007223
0.4912249
0.4954818
0.5163741
0.554955
0.6090345
0.673314
0.7412946
0.8073735
0.8677637
0.9203102
0.9639235
0.9981513
1.023026
1.039063
1.047256
1.049012
1.046101
1.040657
1.035208
1.032636
1.035907
1.047466
1.068331
1.097099
1.129229
1.1576
1.175222
1.178506
1.168184
1.147747
1.121441
1.093072
1.065591
1.041019
1.020449
1.003997
0.9907325
0.9786689
0.9649558
0.9464252
0.9206138
0.8870067
0.8475554
0.8058234
0.7655945
0.7300853
0.7018189
0.6826575
0.673699
0.6750663
0.6858086
0.7041045
0.7277559
0.7547778
0.7838961
0.8148454
0.8483655
0.8856866
0.9273554
0.9719788
1.016266
1.056657
1.090916
1.118566
1.140476
1.158274
1.173827
1.188834
1.204519
1.221457
1.239538
1.258041
1.275741
1.290891
1.300984
1.302509
1.291546
1.26577
1.226198
1.176529
1.121069
1.063315
1.005581
0.9491417
0.8945332
0.8418444
0.7909797
0.7418527
0.6944935
0.6490731
0.605885
0.5653355
0.5279899
0.4946855
0.466694
0.4459114
0.435034
0.4375415
0.4570602
0.4957443
0.5522631
0.6211859
0.6947806
0.7657749
0.8290548
0.8818812
0.9233363
0.9536553
0.9737174
0.9847343
0.9881
0.9853554
0.9782326
0.9687519
0.9593409
0.9528902
0.9525829
0.9613422
0.9809287
1.010919
1.047849
1.08531
1.116159
1.135892
1.144113
1.143352
1.137185
1.129021
1.121588
1.116759
1.115483
1.117746
1.122587
1.128167
1.131847
1.130244
1.119573
1.09693
1.062256
1.018885
0.9717087
0.9250708
0.8819409
0.8439649
0.8117048
0.7848491
0.7624263
0.7430786
0.7253976
0.7082681
0.6911441
0.674218
0.6585241
0.6460599
0.6399099
0.6440615
0.6623305
0.6962978
0.7436901
0.7991175
0.8566663
0.9119555
0.9625946
1.007674
1.047093
1.081068
1.109874
1.133756
1.152966
1.167869
1.179091
1.187679
1.19524
1.203893
1.215792
1.232031
1.251217
1.268684
1.277721
1.272779
1.252027
1.217229
1.171955
1.120008
1.064642
1.008368
0.9529989
0.8997563
0.8493549
0.8020378
0.7575853
0.7153763
0.6746182
0.6347683
0.5959353
0.558966
0.5252287
0.4964115
0.4745625
0.4622999
0.4629159
0.4799247
0.5156214
0.5690474
0.6351495
0.706478
0.7760502
0.8390641
0.8929683
0.9367689
0.9703578
0.9941366
1.008882
1.015705
1.016014
1.011497
1.004155
0.9963722
0.9909728
0.9910758
0.9995824
1.018265
1.046681
1.081281
1.115524
1.142108
1.156354
1.157786
1.149045
1.133964
1.116252
1.098924
1.084129
1.0731
1.066095
1.062343
1.060026
1.056359
1.047854
1.031015
1.003762
0.9668729
0.9238607
0.8792131
0.8368311
0.7995226
0.7690611
0.7462921
0.7311706
0.7228249
0.7197544
0.7201786
0.7224698
0.7255822
0.7294096
0.7350427
0.7448627
0.7622171
0.7901819
0.8294543
0.8770812
0.9277835
0.9766646
1.020817
1.059323
1.09254
1.121389
1.146869
1.169789
1.190703
1.209943
1.227735
1.244329
1.260099
1.275541
1.290936
1.305421
1.315795
1.316696
1.303365
1.274621
1.232829
1.18182
1.12521
1.065786
1.005517
0.9457498
0.8874021
0.8310904
0.777209
0.7259734
0.6774505
0.6316056
0.5884056
0.5479872
0.5108235
0.4777923
0.4501941
0.4298581
0.4193553
0.4221168
0.4419856
0.4816298
0.5400853
0.6115248
0.6872094
0.7590826
0.821918
0.8733389
0.9128956
0.9411784
0.9592622
0.9684435
0.9701539
0.9659577
0.9575948
0.9470684
0.9367693
0.9295681
0.9287057
0.9372618
0.9571664
0.9880511
1.0264
1.065826
1.099402
1.122843
1.135725
1.140336
1.139968
1.137789
1.136323
1.137253
1.14135
1.148476
1.15766
1.167212
1.174774
1.177209
1.170665
1.151671
1.119386
1.076716
1.028601
0.9796058
0.932862
0.8900639
0.8517648
0.81767
0.7869186
0.7583883
0.7310088
0.7040313
0.6771944
0.6507835
0.6256568
0.6033385
0.5862061
0.5776109
0.5815301
0.6013295
0.6378509
0.6882639
0.7470652
0.8084234
0.8678829
0.9227207
0.9715302
1.013684
1.048958
1.077357
1.099078
1.114538
1.124446
1.129889
1.132455
1.134312
1.138119
1.146568
1.161479
1.182634
1.206796
1.227773
1.238474
1.234173
1.214294
1.181546
1.139964
1.093473
1.045269
0.9977218
0.9524412
0.9103517
0.8716909
0.8359645
0.8019753
0.7681103
0.7329604
0.6960417
0.6581386
0.6210233
0.5869018
0.5580988
0.5370914
0.5266294
0.5295903
0.5482739
0.5832141
0.6322799
0.6910181
0.7541502
0.817068
0.876467
0.9301859
0.9767678
1.015174
1.044798
1.065624
1.078306
1.084095
1.084723
1.082339
1.079458
1.078868
1.083322
1.09498
1.11463
1.140828
1.169234
1.193021
1.205231
1.202002
1.183883
1.15449
1.118373
1.079612
1.041329
1.005642
0.973732
0.945858
0.9213232
0.8985053
0.8750975
0.8486849
0.8176205
0.7818424
0.7430419
0.7040123
0.6677988
0.6372719
0.6150961
0.6037065
0.6050012
0.6197588
0.6471497
0.6848193
0.7296109
0.7784784
0.8290822
0.8798895
0.929848
0.9778228
1.022165
1.06087
1.0923
1.115827
1.131969
1.142157
1.148445
1.153242
1.159014
1.167904
1.181283
1.199305
1.220522
1.241669
1.257882
1.263704
1.254919
1.230337
1.192178
1.144721
1.092467
1.039051
0.9869516
0.9375953
0.8915136
0.8484924
0.8077518
0.7682272
0.7289488
0.6894162
0.6498114
0.6109704
0.5741975
0.541113
0.513666
0.4942949
0.4860534
0.4923546
0.5159443
0.5572458
0.6132752
0.6783923
0.7463681
0.8120694
0.8719686
0.9238959
0.9666493
0.9997478
1.023317
1.038013
1.044934
1.045554
1.041696
1.035568
1.029811
1.027415
1.031366
1.043965
1.065943
1.095575
1.128059
1.15618
1.173099
1.175586
1.164746
1.144275
1.11845
1.091014
1.064829
1.041827
1.022999
1.008328
0.9967069
0.9859619
0.9730935
0.9548792
0.9289351
0.8949429
0.8550767
0.813053
0.7727189
0.737289
0.7092325
0.6903028
0.6814358
0.6825675
0.6925877
0.7095914
0.7313903
0.756095
0.7825978
0.8108619
0.8419077
0.8772723
0.9177674
0.9621123
1.006915
1.048373
1.084012
1.113182
1.136643
1.15594
1.172858
1.189003
1.205512
1.222905
1.241085
1.25945
1.277006
1.292339
1.303318
1.3067
1.298444
1.275609
1.238482
1.190381
1.135609
1.077827
1.019532
0.962165
0.9064015
0.852458
0.8003508
0.7500781
0.7017147
0.655432
0.6114827
0.5702022
0.5320609
0.4977797
0.4684869
0.4458943
0.4324802
0.4315557
0.4468434
0.4811093
0.534074
0.6011961
0.6748953
0.7473934
0.8128944
0.8681395
0.9119184
0.9443359
0.9662251
0.9787826
0.9833892
0.9815589
0.9749724
0.9655671
0.9556578
0.9480234
0.9458167
0.9521165
0.9690876
0.9969476
1.033022
1.07151
1.105167
1.128657
1.140635
1.143065
1.139349
1.132939
1.126697
1.122661
1.121959
1.124774
1.13035
1.137071
1.142542
1.143612
1.136518
1.117847
1.086516
1.045019
0.9981077
0.9504456
0.9053925
0.8649011
0.8297609
0.7998413
0.7743181
0.751942
0.7313613
0.7114559
0.6916082
0.6718666
0.65303
0.6367471
0.6256703
0.6234784
0.6342616
0.6608474
0.7027612
0.7557838
0.8139055
0.8718335
0.9261671
0.9752445
1.018506
1.055925
1.087656
1.11389
1.134849
1.150863
1.162497
1.170697
1.176938
1.183283
1.192149
1.205546
1.223809
1.244325
1.261366
1.268084
1.259822
1.235919
1.198893
1.152568
1.100704
1.046402
0.9919985
0.9391357
0.8888628
0.8416931
0.7976116
0.7560851
0.7161974
0.6770204
0.6381336
0.5999633
0.5636994
0.5309775
0.5037024
0.4841446
0.4751365
0.4800276
0.5019467
0.542172
0.5984633
0.665095
0.734988
0.8021144
0.8625398
0.9141927
0.9562084
0.988418
1.011123
1.025046
1.031298
1.031339
1.026946
1.020242
1.013754
1.010402
1.01324
1.02483
1.046279
1.076209
1.110031
1.140597
1.160997
1.167761
1.161631
1.145962
1.124823
1.101876
1.079976
1.061072
1.046185
1.035343
1.027515
1.020606
1.011614
0.9970984
0.9741863
0.9420061
0.9024806
0.8594668
0.8170912
0.7787465
0.7469086
0.7232109
0.7084397
0.7024615
0.7042395
0.7120625
0.7239704
0.7382566
0.7539316
0.7710775
0.7910137
0.8160697
0.8485857
0.8891187
0.9351931
0.982275
1.026159
1.064492
1.096814
1.123915
1.147149
1.167921
1.187367
1.206204
1.224738
1.242975
1.260754
1.277817
1.293669
1.307101
1.315392
1.314108
1.298928
1.268551
1.225333
1.173349
1.116445
1.057451
0.9981842
0.9397225
0.8826857
0.827451
0.7742797
0.7233743
0.6748973
0.6289842
0.5857838
0.5455476
0.5087636
0.4762878
0.4494516
0.4301985
0.4212585
0.426151
0.4485465
0.4905609
0.5505389
0.6223498
0.697508
0.7684064
0.8301285
0.8804265
0.9188915
0.9461408
0.9632862
0.9716621
0.9727284
0.9680717
0.9594649
0.9489674
0.9390462
0.932635
0.9329591
0.9429466
0.9642495
0.9961514
1.034775
1.073503
1.10552
1.126965
1.137867
1.140791
1.139117
1.135992
1.133872
1.134353
1.138109
1.144897
1.153634
1.162512
1.169032
1.169921
1.161307
1.140018
1.105806
1.062038
1.013723
0.9652462
0.9195182
0.878057
0.841282
0.8087945
0.7796534
0.7526802
0.7267775
0.7012004
0.6757226
0.6506981
0.6270977
0.6066178
0.5918704
0.5864379
0.5943363
0.6185148
0.6589172
0.7118079
0.7713395
0.8319496
0.8897159
0.9424118
0.9889823
1.029015
1.062407
1.089226
1.109697
1.124261
1.133652
1.139012
1.142011
1.144908
1.150383
1.160939
1.177858
1.199995
1.223011
1.240097
1.244707
1.233594
1.207566
1.169997
1.124963
1.076138
1.026402
0.9778391
0.9318185
0.8890582
0.8496137
0.8128463
0.7775093
0.7421195
0.7056088
0.6679326
0.630194
0.5942477
0.5622395
0.5364616
0.5194724
0.514179
0.5235156
0.5494632
0.5917038
0.6469692
0.7099329
0.7750366
0.8378659
0.8954822
0.9460732
0.988501
1.022087
1.046652
1.062608
1.070952
1.073175
1.071179
1.067259
1.064072
1.064493
1.071217
1.086074
1.109153
1.137912
1.166785
1.188392
1.196648
1.189519
1.169051
1.139404
1.104961
1.069378
1.035341
1.004578
0.9778886
0.9551134
0.9350881
0.9157204
0.8943431
0.8684504
0.8367154
0.7997601
0.7600043
0.7207006
0.6850503
0.6558929
0.6357122
0.6265532
0.6296759
0.645103
0.671437
0.7062134
0.7466438
0.7903401
0.8357141
0.8819692
0.9286817
0.9750737
1.019428
1.059325
1.092659
1.118492
1.137205
1.150193
1.159484
1.167384
1.176129
1.187497
1.202438
1.220762
1.240941
1.260069
1.274067
1.278309
1.268842
1.244017
1.205397
1.156906
1.103014
1.04743
0.9926985
0.9402745
0.8907202
0.8439114
0.7992687
0.7560436
0.7136284
0.6718004
0.6308185
0.5913694
0.5544598
0.5213748
0.4937678
0.4738582
0.4646044
0.4695515
0.4919106
0.532791
0.5896737
0.6567644
0.7271589
0.7949534
0.8560902
0.9082175
0.9502523
0.9820048
1.00392
1.016899
1.022175
1.02125
1.015908
1.008282
1.00094
0.9968653
0.999172
1.010439
1.031803
1.062016
1.096732
1.128951
1.151633
1.161039
1.157732
1.145009
1.126915
1.107098
1.088401
1.072767
1.0612
1.053693
1.049167
1.045482
1.039597
1.027973
1.007485
0.9768886
0.9378589
0.8943159
0.8506325
0.8104067
0.7761796
0.7495233
0.7310991
0.7206576
0.7171086
0.7187632
0.7237375
0.7304248
0.7379361
0.7464457
0.7573936
0.7734242
0.7977056
0.8322616
0.8760413
0.9248141
0.9734211
1.018104
1.057222
1.090777
1.119653
1.144996
1.16784
1.18892
1.208668
1.227298
1.244936
1.261734
1.277894
1.293456
1.307635
1.317754
1.318983
1.306487
1.278579
1.237319
1.18656
1.130053
1.070684
1.010438
0.9506312
0.8921333
0.8355301
0.7812141
0.7294324
0.6803135
0.6339015
0.5902262
0.5494317
0.5119342
0.4785314
0.4504576
0.4294877
0.418136
0.4197782
0.4382559
0.476392
0.5335778
0.6043648
0.680134
0.7526472
0.8163877
0.8687475
0.9091515
0.9381485
0.9568173
0.9664691
0.9685423
0.9645957
0.9563542
0.9457974
0.9352841
0.9276496
0.9261176
0.9338079
0.9527854
0.9829172
1.020976
1.060771
1.095298
1.119975
1.134077
1.139731
1.140183
1.138614
1.13759
1.138843
1.143198
1.150572
1.16005
1.170013
1.178188
1.181546
1.176288
1.15879
1.12783
1.085971
1.03808
0.9888396
0.9415261
0.8979505
0.8587498
0.8236914
0.791962
0.7624724
0.7341712
0.7063127
0.6786215
0.6513495
0.625292
0.60187
0.5833138
0.5728162
0.5742902
0.5912955
0.6251919
0.6737565
0.7318038
0.7934133
0.853817
0.9099662
0.960208
1.003756
1.040293
1.069775
1.092371
1.108486
1.118811
1.124404
1.126799
1.128103
1.130941
1.138082
1.151618
1.171847
1.196224
1.219095
1.233265
1.23319
1.21734
1.187859
1.148666
1.103809
1.056683
1.009842
0.9650578
0.9233923
0.8852065
0.8501123
0.8169708
0.784124
0.7499745
0.7137503
0.6759841
0.6383481
0.6030754
0.572535
0.5491855
0.5356972
0.5348897
0.5491791
0.5795169
0.6244201
0.6800253
0.7413361
0.803718
0.8636928
0.9189148
0.9677626
1.009006
1.041779
1.065772
1.081377
1.089654
1.09221
1.091089
1.088722
1.087829
1.091167
1.101044
1.118603
1.143006
1.170697
1.195427
1.210035
1.209629
1.193629
1.165069
1.128469
1.088156
1.04754
1.009002
0.9739616
0.9429257
0.9154763
0.8902844
0.8652935
0.8382037
0.8072531
0.772025
0.7337616
0.6949148
0.6583652
0.6269425
0.6033563
0.590209
0.5897472
0.6032533
0.6303751
0.668969
0.7157281
0.7672001
0.8205571
0.8738127
0.9255645
0.9745001
1.019017
1.057325
1.088013
1.110592
1.125617
1.134504
1.139283
1.142378
1.14636
1.153582
1.16571
1.183214
1.204873
1.227434
1.245746
1.253876
1.247245
1.224594
1.18824
1.142542
1.092044
1.040414
0.990184
0.9428395
0.8989635
0.8583475
0.8201329
0.7830706
0.7459297
0.7079598
0.6692119
0.6305624
0.5934858
0.559806
0.5316288
0.5114606
0.5023146
0.5074537
0.5294254
0.5685641
0.6220636
0.684701
0.7507108
0.8153013
0.8751079
0.9279446
0.9724317
1.007799
1.033855
1.050998
1.060164
1.062747
1.060549
1.055777
1.051056
1.049328
1.053501
1.065798
1.086921
1.115193
1.14595
1.172087
1.186692
1.186299
1.171867
1.147138
1.116537
1.083958
1.052373
1.023798
0.9993129
0.9790131
0.9619397
0.946098
0.9287213
0.9069054
0.8786206
0.8437406
0.8042988
0.7636426
0.7252842
0.6923019
0.6672608
0.6522038
0.6484468
0.6562346
0.6745443
0.7013031
0.7339918
0.7703393
0.8088264
0.8488716
0.8906251
0.9342841
0.9790952
1.022836
1.062549
1.09595
1.12223
1.141986
1.156777
1.168653
1.179746
1.191892
1.206288
1.22325
1.24209
1.261127
1.277772
1.288641
1.289819
1.277706
1.250656
1.210155
1.160071
1.104769
1.047798
0.9915214
0.9372313
0.8853889
0.835885
0.7883107
0.7422268
0.6973826
0.6538281
0.6119145
0.5722359
0.5355974
0.5030702
0.4761466
0.4569578
0.4484484
0.4542346
0.477683
0.5200689
0.5788759
0.6480234
0.7201244
0.7888326
0.8498684
0.900924
0.9411591
0.9707085
0.9903166
1.001098
1.004404
1.001788
0.9950349
0.9862648
0.9780345
0.9733417
0.9753481
0.9867113
1.008647
1.039956
1.076309
1.110742
1.136343
1.149514
1.150821
1.143402
1.13109
1.117341
1.104841
1.095389
1.089846
1.088075
1.088917
1.090235
1.089031
1.081693
1.064738
1.036379
0.9979671
0.9535322
0.9077643
0.8644794
0.8262308
0.7944345
0.7695262
0.7510773
0.7379521
0.7285764
0.721307
0.7148335
0.7085313
0.7027205
0.6988404
0.6995488
0.7085391
0.7295393
0.7642473
0.810562
0.8632507
0.9166494
0.9667937
1.011827
1.051404
1.08595
1.116128
1.142549
1.165671
1.185815
1.203262
1.21839
1.231834
1.244608
1.258014
1.27303
1.289003
1.302371
1.307165
1.298077
1.273375
1.234932
1.186323
1.131197
1.072571
1.012717
0.9532715
0.8953717
0.8397658
0.7868827
0.7368705
0.6896288
0.6448908
0.6024112
0.5622307
0.5248539
0.4912375
0.4627228
0.4411077
0.4288722
0.4293507
0.4464011
0.4829669
0.5386365
0.6081552
0.6830591
0.755228
0.8192067
0.8723676
0.9140325
0.944586
0.964924
0.9762043
0.9797662
0.9771164
0.969951
0.9602257
0.9502708
0.9428932
0.9413032
0.9486367
0.9670034
0.9963268
1.033426
1.072102
1.105248
1.128099
1.139811
1.142513
1.139556
1.134273
1.129394
1.126824
1.127561
1.131669
1.138305
1.145803
1.151731
1.152871
1.14538
1.125881
1.093572
1.051276
1.003847
0.9558477
0.9104817
0.8695615
0.8337638
0.8028781
0.7760464
0.7520425
0.7295942
0.7076978
0.6858575
0.664218
0.643636
0.6257832
0.6133113
0.6098812
0.6195709
0.6452663
0.6866575
0.7396972
0.7984089
0.8573724
0.9129824
0.9633745
1.007823
1.046175
1.078505
1.104964
1.125769
1.141284
1.152125
1.159306
1.164372
1.169465
1.177115
1.189541
1.20747
1.228854
1.248427
1.259212
1.255748
1.236438
1.203257
1.159931
1.110362
1.057865
1.004973
0.9534828
0.9045583
0.8587833
0.8161653
0.7761298
0.7376409
0.6995764
0.6613023
0.6231051
0.5861638
0.5521876
0.5231402
0.5012631
0.4892575
0.4903043
0.5075074
0.5425184
0.5939324
0.6569566
0.7250484
0.792189
0.8541358
0.908423
0.9538065
0.9897658
1.016281
1.033802
1.043248
1.045954
1.043615
1.038281
1.032389
1.028761
1.030401
1.039957
1.05887
1.08636
1.118591
1.14884
1.169782
1.176906
1.170077
1.152347
1.127899
1.100668
1.073785
1.049467
1.029
1.012711
0.9998857
0.988741
0.9765546
0.9601076
0.9365986
0.9049276
0.8665178
0.824751
0.7835271
0.7462545
0.7156037
0.6935468
0.6813078
0.6791863
0.686439
0.7014194
0.7220085
0.7461839
0.7725403
0.8006493
0.831169
0.8655111
0.904816
0.9484969
0.9936773
1.036482
1.073954
1.104928
1.129812
1.149978
1.167197
1.18318
1.199258
1.216178
1.234057
1.25245
1.270471
1.286822
1.299591
1.305844
1.301621
1.283379
1.250352
1.205158
1.152041
1.094959
1.036769
0.979199
0.923117
0.8688376
0.8163974
0.765767
0.7169761
0.6701576
0.6255401
0.5834383
0.5442844
0.5087228
0.4777554
0.4529108
0.4364278
0.4313803
0.4414504
0.4698683
0.5174458
0.5809074
0.6533527
0.7268213
0.7948296
0.853384
0.9007199
0.9365957
0.9616535
0.9769928
0.9839415
0.9839704
0.978704
0.9699939
0.9600329
0.9514611
0.9473454
0.9508516
0.964511
0.9892227
1.02325
1.061654
1.0973
1.123928
1.138957
1.14356
1.140908
1.134555
1.12759
1.122323
1.120171
1.121611
1.126165
1.13246
1.138317
1.140789
1.136242
1.121007
1.093139
1.054129
1.008321
0.9605852
0.9147011
0.8730133
0.8366321
0.8056803
0.7795133
0.7569663
0.7366637
0.717359
0.6982392
0.6791282
0.6605945
0.6440407
0.6318462
0.6274547
0.634972
0.6577424
0.6962303
0.7470101
0.8042446
0.8623086
0.9173558
0.9674028
1.01173
1.050263
1.083166
1.110648
1.132923
1.150279
1.163193
1.172475
1.179429
1.185946
1.194361
1.206825
1.224111
1.244252
1.262045
1.270637
1.264794
1.243158
1.207816
1.162474
1.110944
1.056443
1.001427
0.9476488
0.89626
0.8478811
0.8026217
0.760084
0.719458
0.6798288
0.6406686
0.6022283
0.5655427
0.5321435
0.5038512
0.4828336
0.4718101
0.4740901
0.4929945
0.5303392
0.5845903
0.6504474
0.7207305
0.7889831
0.85084
0.9039574
0.9473535
0.9808278
1.004671
1.019581
1.026635
1.027248
1.02314
1.016366
1.009376
1.005033
1.006423
1.016284
1.036091
1.064992
1.098986
1.131234
1.154537
1.164687
1.161744
1.148714
1.129598
1.108137
1.087313
1.06922
1.055025
1.044917
1.038037
1.032456
1.025294
1.013088
0.9926651
0.9625841
0.9242297
0.8812814
0.8380069
0.7980177
0.7639531
0.7375512
0.7196885
0.7103396
0.7085923
0.7128448
0.7211919
0.7319053
0.7438962
0.7570918
0.7726636
0.7929596
0.820779
0.8576997
0.9023173
0.9503896
0.9971035
1.039173
1.075366
1.105986
1.132134
1.155125
1.176113
1.1959
1.214921
1.233327
1.251125
1.268278
1.284683
1.299857
1.312196
1.318143
1.312733
1.292386
1.257285
1.210681
1.156659
1.098666
1.039126
0.9795959
0.9210353
0.8640481
0.8090352
0.7562761
0.7059641
0.6582243
0.6131459
0.5708557
0.531644
0.4961076
0.4652521
0.4405806
0.4242474
0.4192309
0.4292219
0.4576987
0.5058946
0.5707052
0.6448094
0.7195407
0.7879835
0.8461504
0.8925298
0.9271615
0.9508905
0.9649292
0.9706597
0.9695808
0.9633311
0.9537596
0.9430357
0.9337674
0.9290169
0.9320183
0.945445
0.9703395
1.005047
1.044689
1.082236
1.111553
1.130046
1.138716
1.140506
1.13877
1.136441
1.135695
1.13782
1.143181
1.151254
1.160726
1.16961
1.175216
1.174053
1.16223
1.13717
1.099728
1.054035
1.005103
0.9569118
0.9119273
0.8712993
0.8351679
0.802946
0.7736082
0.7460054
0.7191694
0.6925447
0.6661056
0.6403886
0.616537
0.5964419
0.5829336
0.5797487
0.5908026
0.6185267
0.6620689
0.717086
0.7776272
0.8383905
0.895774
0.9477648
0.9934016
1.032294
1.064345
1.089647
1.108486
1.121394
1.129231
1.133289
1.135408
1.138006
1.14383
1.155284
1.173352
1.196434
1.219743
1.236273
1.239724
1.227365
1.200454
1.162575
1.117827
1.06981
1.021309
0.9743097
0.9300851
0.8892369
0.8516681
0.816554
0.7824712
0.747845
0.7116587
0.6740416
0.6363037
0.600461
0.5687654
0.543584
0.5275216
0.523459
0.5341557
0.5612406
0.6039973
0.6589709
0.720995
0.78489
0.8466117
0.9034471
0.9536444
0.9960049
1.029738
1.054562
1.070837
1.079549
1.082211
1.080767
1.077556
1.075255
1.076703
1.084466
1.100151
1.123557
1.151834
1.179208
1.198348
1.203497
1.193041
1.16934
1.136703
1.099535
1.061444
1.025038
0.9919571
0.9629208
0.9377029
0.9151083
0.8930846
0.8691197
0.8409975
0.8077393
0.7701951
0.7307692
0.6925319
0.6585066
0.6314643
0.6139441
0.6081157
0.6153336
0.6355751
0.6672217
0.7074858
0.7532701
0.8019416
0.8516814
0.9013701
0.9501103
0.9966243
1.039006
1.075198
1.103836
1.124725
1.138776
1.147711
1.153756
1.159355
1.166833
1.177977
1.193609
1.213188
1.234519
1.253715
1.265678
1.265371
1.249678
1.218776
1.175865
1.125472
1.071823
1.018088
0.9662934
0.917476
0.8718454
0.8289523
0.7879143
0.7477399
0.7077014
0.667625
0.6279806
0.5897716
0.5543658
0.5234311
0.499038
0.4838474
0.4811428
0.4943079
0.5254552
0.5737393
0.634863
0.7025426
0.770687
0.8346846
0.8915523
0.9395707
0.9779222
1.006478
1.025677
1.036427
1.040018
1.038068
1.032547
1.025827
1.02071
1.020266
1.02734
1.043758
1.069411
1.101397
1.13376
1.158999
1.171432
1.169654
1.156047
1.134681
1.109649
1.084321
1.061164
1.04172
1.026561
1.015215
1.006103
0.9966373
0.9835628
0.9637173
0.9352579
0.8988015
0.8573566
0.8149639
0.7753651
0.7415002
0.7155053
0.6987288
0.6916228
0.6936366
0.7033052
0.7186099
0.7375092
0.7584727
0.7809026
0.8053636
0.8334791
0.867207
0.907352
0.9521812
0.9977907
1.040158
1.076842
1.107286
1.132286
1.153326
1.172034
1.189794
1.207521
1.22559
1.243903
1.26203
1.279304
1.294725
1.30656
1.311754
1.306062
1.285971
1.251184
1.204695
1.150748
1.093071
1.034275
0.9759278
0.9188527
0.8634309
0.8098396
0.7582046
0.7086695
0.6614079
0.6166208
0.5745574
0.5355866
0.5003219
0.4697674
0.4454672
0.4296756
0.4254844
0.4366015
0.4662791
0.5152871
0.5801565
0.6536585
0.7275533
0.7952904
0.8530109
0.8991701
0.9337299
0.9574765
0.9715944
0.9774555
0.9765542
0.9705307
0.9612502
0.9509191
0.942193
0.9381582
0.9419971
0.9562342
0.9817023
1.016524
1.055613
1.091839
1.11916
1.13524
1.141345
1.140601
1.136451
1.131865
1.129035
1.129259
1.1329
1.139401
1.147367
1.154663
1.158417
1.155014
1.140698
1.113377
1.074473
1.028361
0.9799619
0.9330639
0.8899791
0.8517598
0.8184756
0.7894655
0.7636088
0.7396393
0.7164678
0.6934442
0.6705094
0.6482598
0.6280148
0.6119669
0.6033275
0.6061009
0.6239617
0.6582717
0.706636
0.7636756
0.8234677
0.8814783
0.9350303
0.9828674
1.024548
1.060004
1.089312
1.112638
1.130279
1.142752
1.150916
1.156103
1.160236
1.165765
1.175242
1.190361
1.210685
1.232636
1.249821
1.255478
1.245666
1.220515
1.183022
1.137171
1.086694
1.034591
0.9830727
0.9336469
0.8872014
0.8440282
0.8038043
0.7656268
0.7282606
0.6906635
0.6525747
0.6147591
0.5787579
0.546484
0.5200595
0.5019315
0.4950179
0.5025123
0.5269768
0.5687944
0.6250386
0.6900657
0.757568
0.8224094
0.8812331
0.9321431
0.9741571
1.006859
1.030314
1.045093
1.052254
1.053274
1.049998
1.044648
1.039836
1.038483
1.043484
1.057023
1.079652
1.109318
1.140815
1.166766
1.180672
1.179888
1.165931
1.142642
1.114282
1.084522
1.056128
1.030936
1.009847
0.9927772
0.9785908
0.9651243
0.9494532
0.9285474
0.9003739
0.8650187
0.8248672
0.7835477
0.7446758
0.7112841
0.6857796
0.6699461
0.6647757
0.6702203
0.6851159
0.7074582
0.734962
0.7656705
0.7984152
0.8330286
0.8701925
0.9107344
0.9544165
0.9990957
1.041384
1.078338
1.108574
1.132299
1.150817
1.165983
1.179749
1.193783
1.209182
1.2263
1.244717
1.263307
1.280319
1.293335
1.299118
1.293808
1.274276
1.240139
1.194198
1.140758
1.083803
1.026204
0.9696815
0.9150475
0.8624985
0.811895
0.7630117
0.7157196
0.6700747
0.626323
0.5848683
0.5462664
0.5112869
0.481051
0.4572205
0.4422002
0.4392275
0.4520045
0.4834171
0.5335171
0.5982601
0.6705387
0.7428142
0.8092253
0.866229
0.9122579
0.9470991
0.9713567
0.986087
0.9925945
0.9923502
0.9870021
0.9784522
0.9689715
0.9612906
0.9585275
0.9637748
0.9793036
1.005568
1.040255
1.077881
1.111144
1.134204
1.145187
1.145828
1.139578
1.130065
1.120351
1.112683
1.1084
1.107888
1.110548
1.114837
1.118352
1.117903
1.109764
1.090611
1.059366
1.018375
0.9722449
0.9256119
0.8819122
0.843236
0.8105319
0.7838059
0.762299
0.7447206
0.7295644
0.715471
0.7015649
0.6876971
0.674597
0.6639946
0.65874
0.6626868
0.6797757
0.7120377
0.757737
0.8117584
0.8681502
0.9223929
0.9720272
1.016178
1.054848
1.08838
1.117161
1.141511
1.161694
1.178017
1.190977
1.20143
1.210742
1.220776
1.233448
1.249641
1.267719
1.282813
1.288321
1.279273
1.254568
1.216428
1.168517
1.114506
1.057449
0.9996662
0.9428271
0.8880587
0.8360337
0.7870125
0.7408618
0.6971135
0.6551622
0.6146232
0.5756716
0.5391167
0.5062334
0.4786341
0.4583601
0.448111
0.4513255
0.4716225
0.5111476
0.5683772
0.6374606
0.7103709
0.7800078
0.8417905
0.893515
0.9345389
0.9650701
0.9857768
0.9976399
1.001906
1.000064
0.9938498
0.9853031
0.9768653
0.9714335
0.9721921
0.9820289
1.002545
1.03294
1.069207
1.104553
1.131958
1.147406
1.150949
1.145371
1.134374
1.121441
1.109347
1.100008
1.094416
1.092587
1.093539
1.095316
1.09506
1.089196
1.074074
1.047485
1.0103
0.9663046
0.920216
0.8759973
0.8363561
0.8028445
0.7760266
0.7556003
0.7405467
0.7293794
0.720493
0.7125506
0.7048343
0.6975116
0.6918252
0.690225
0.6962875
0.7139278
0.7455028
0.7897838
0.842003
0.8962978
0.9481542
0.9951918
1.036717
1.072973
1.104557
1.132074
1.156004
1.176689
1.194418
1.209557
1.222717
1.234899
1.24749
1.261816
1.277994
1.293473
1.302769
1.299814
1.281375
1.248165
1.203358
1.150705
1.093506
1.034326
0.9750437
0.9169808
0.8610252
0.8077102
0.7572589
0.7096115
0.6644882
0.6215565
0.5807069
0.5422906
0.5071548
0.4765449
0.4521018
0.4360413
0.4313803
0.4418503
0.4709196
0.519635
0.5845283
0.6580435
0.731684
0.7989807
0.8563555
0.9024937
0.9374153
0.9618113
0.9767099
0.983356
0.983179
0.9777965
0.9690603
0.9591527
0.9507016
0.9467904
0.9506485
0.9648653
0.9902694
1.024863
1.063404
1.098711
1.124807
1.139418
1.143828
1.14118
1.134965
1.128219
1.123207
1.121305
1.122955
1.127657
1.134026
1.13986
1.142163
1.13723
1.121381
1.092824
1.05328
1.007192
0.9593771
0.9135133
0.8718682
0.8355024
0.8045083
0.7782272
0.7554961
0.7349564
0.7153889
0.6960093
0.6766681
0.6579604
0.6413241
0.629188
0.6250454
0.6330102
0.6563544
0.6954077
0.7466279
0.8041386
0.8623388
0.9174231
0.967438
1.011678
1.050074
1.08279
1.110036
1.132033
1.14908
1.161671
1.170644
1.177337
1.183678
1.192032
1.204553
1.221986
1.242316
1.260294
1.269041
1.263333
1.241837
1.206666
1.161535
1.110257
1.056046
1.001356
0.9479337
0.8969244
0.8489389
0.8040689
0.7618895
0.7215592
0.6821383
0.643093
0.6046902
0.5679929
0.5345618
0.5062398
0.4852082
0.474188
0.4764706
0.4953353
0.5325462
0.5865505
0.6520955
0.7220913
0.7901586
0.851966
0.9051641
0.9487414
0.982458
1.006568
1.021741
1.02904
1.029874
1.025965
1.019371
1.012546
1.008348
1.00985
1.01977
1.039557
1.068342
1.102111
1.134017
1.156853
1.166415
1.16278
1.148985
1.129062
1.106772
1.085109
1.066174
1.051145
1.040217
1.032538
1.026187
1.01829
1.00541
0.984439
0.9540136
0.9155628
0.8727457
0.8297779
0.7902328
0.7567428
0.7310669
0.7141164
0.7058965
0.7055073
0.7113358
0.7214499
0.7340886
0.7481333
0.7634845
0.781279
0.8037826
0.8335942
0.8719466
0.9170977
0.9647292
1.010255
1.050732
1.085222
1.114226
1.138965
1.160821
1.180974
1.200222
1.218964
1.237294
1.255137
1.272343
1.288626
1.303185
1.313937
1.3169
1.307278
1.282421
1.243528
1.194317
1.138836
1.080285
1.020819
0.961767
0.9039197
0.8477599
0.7936105
0.7417074
0.6922262
0.6452971
0.6010381
0.5596319
0.5214542
0.4872108
0.4580425
0.4356357
0.4223944
0.4215588
0.4368904
0.4713941
0.5251024
0.59348
0.6684955
0.7418271
0.8074391
0.8621623
0.9050195
0.9363354
0.9570884
0.9685512
0.9721414
0.9693943
0.9620027
0.9519018
0.9413876
0.9332171
0.9305507
0.9365372
0.9534573
0.9816256
1.018415
1.058072
1.093457
1.119321
1.134283
1.140148
1.140137
1.137551
1.135127
1.134791
1.137561
1.143534
1.15193
1.161216
1.169177
1.172863
1.168563
1.152568
1.123238
1.082639
1.035462
0.986522
0.9393247
0.8958936
0.857035
0.8226335
0.7919275
0.7638038
0.737116
0.7109784
0.6849707
0.6592292
0.6344754
0.6120874
0.5942697
0.5842094
0.5858538
0.6028324
0.636564
0.6848239
0.7423829
0.8033071
0.8628855
0.918182
0.9676756
1.010699
1.047019
1.076624
1.099672
1.116513
1.127763
1.134397
1.137868
1.140207
1.143977
1.15188
1.165905
1.186147
1.209752
1.230814
1.242218
1.238893
1.219845
1.187515
1.145858
1.098831
1.049706
1.000932
0.9541964
0.91051
0.8702214
0.8329802
0.797748
0.7630311
0.7274398
0.6903901
0.6524976
0.6153763
0.5811219
0.5519871
0.5304
0.519103
0.5210592
0.5387946
0.5731675
0.622289
0.6816897
0.7458308
0.8097731
0.8699633
0.924129
0.9708249
1.009099
1.038448
1.058933
1.07124
1.076616
1.076772
1.073817
1.070245
1.068848
1.072451
1.08336
1.102572
1.128879
1.158146
1.183596
1.198108
1.197513
1.182073
1.155236
1.121486
1.084917
1.048698
1.015013
0.9851093
0.9592997
0.9369217
0.9163411
0.8951606
0.8707702
0.8412487
0.8062974
0.7675427
0.7278923
0.6905598
0.6585198
0.634433
0.6206413
0.6189262
0.6300246
0.6532181
0.6864026
0.7267169
0.77137
0.8182339
0.8660114
0.9139803
0.9613963
1.006853
1.048198
1.083272
1.110828
1.130897
1.144601
1.15381
1.160807
1.167964
1.177375
1.190447
1.207519
1.227566
1.248029
1.264913
1.273354
1.268842
1.24892
1.214367
1.168707
1.116469
1.061671
1.007211
0.9548613
0.9054408
0.8589992
0.8150178
0.7726712
0.7311536
0.6899955
0.649254
0.6095186
0.5717888
0.5373667
0.5078744
0.4854126
0.4727544
0.4733141
0.4904656
0.5259779
0.5783262
0.6425118
0.7118682
0.780281
0.8433139
0.89823
0.9435888
0.9788751
1.004256
1.020421
1.028455
1.029762
1.026038
1.019321
1.012064
1.007151
1.007691
1.016449
1.034998
1.062774
1.096267
1.12901
1.153594
1.16513
1.163115
1.150384
1.131014
1.108895
1.087154
1.068022
1.052802
1.041811
1.034297
1.028418
1.021361
1.009709
0.9902436
0.961283
0.923848
0.881381
0.8381534
0.7979129
0.7634547
0.7366615
0.7185466
0.7092064
0.7078103
0.7127742
0.7221424
0.7340825
0.7473708
0.7617833
0.7783298
0.7991998
0.8270992
0.8636759
0.907751
0.9552873
1.001532
1.043166
1.078919
1.109087
1.134796
1.157409
1.178122
1.197768
1.216782
1.235285
1.253226
1.270491
1.28687
1.301749
1.313392
1.318192
1.311302
1.289414
1.252981
1.205396
1.150756
1.092452
1.032835
0.9733854
0.9149979
0.8582258
0.8034376
0.7508977
0.7007985
0.6532754
0.6084368
0.5664332
0.5275796
0.4924964
0.4622208
0.4383092
0.4230007
0.4193734
0.4311675
0.4617358
0.5119231
0.578112
0.6526802
0.7270328
0.7945435
0.8515157
0.8966381
0.9300636
0.9526957
0.9657766
0.9707051
0.9689928
0.9622942
0.952484
0.9417723
0.9328191
0.9287273
0.9327152
0.9473367
0.9733964
1.008911
1.048689
1.085632
1.113888
1.131285
1.139114
1.140422
1.138544
1.136341
1.135896
1.138401
1.144124
1.152451
1.161998
1.170705
1.175808
1.173737
1.160633
1.134192
1.095669
1.049411
1.000386
0.9524204
0.907829
0.8676415
0.8319091
0.7999854
0.770819
0.7432684
0.7164026
0.6897206
0.6632562
0.6376061
0.6139813
0.5943579
0.5816644
0.5797016
0.5923233
0.6217036
0.6666178
0.7224596
0.7832561
0.8438483
0.9008037
0.9522327
0.9972433
1.035479
1.066862
1.091501
1.109705
1.122038
1.1294
1.133136
1.135146
1.1379
1.144152
1.156223
1.174897
1.198284
1.221312
1.236897
1.238972
1.225202
1.19715
1.158517
1.113387
1.065289
1.016932
0.9702329
0.9263989
0.8859668
0.8487675
0.8139044
0.7799082
0.7452181
0.7089023
0.6712107
0.6335488
0.5979769
0.5667623
0.5422907
0.5271947
0.5243657
0.536501
0.5650502
0.6090364
0.6647929
0.7271003
0.7908691
0.8521949
0.9084773
0.9580276
0.9996784
1.032668
1.056762
1.07237
1.080528
1.08279
1.081138
1.077943
1.075909
1.077868
1.086326
1.102755
1.12674
1.155161
1.182018
1.199983
1.203607
1.191683
1.166846
1.133477
1.095937
1.057748
1.021427
0.9885308
0.9596941
0.934605
0.9119871
0.8897322
0.8653309
0.8366553
0.8028896
0.7650506
0.7256329
0.6877112
0.654279
0.6280843
0.611649
0.6071034
0.6157106
0.637308
0.6701352
0.7113203
0.7577592
0.806865
0.8568731
0.9066845
0.9553647
1.00156
1.043325
1.07866
1.106335
1.126298
1.139568
1.147935
1.153668
1.159221
1.166895
1.178412
1.194483
1.21441
1.235806
1.254588
1.265548
1.263737
1.246355
1.213987
1.170092
1.119239
1.065556
1.012083
0.9607279
0.9124285
0.8673125
0.824864
0.7841587
0.7441985
0.7042876
0.6643125
0.6248111
0.5868457
0.5518337
0.5214947
0.4979668
0.4839895
0.4828939
0.4979901
0.5311146
0.58101
0.643063
0.7109393
0.7787079
0.8419725
0.8979224
0.9449495
0.9823059
1.009912
1.028246
1.038251
1.04125
1.038897
1.033205
1.026597
1.02192
1.022243
1.030334
1.047836
1.074356
1.106636
1.138421
1.162233
1.172798
1.169218
1.154185
1.131847
1.106248
1.080668
1.057474
1.038105
1.023026
1.011643
1.002265
0.9922097
0.9782004
0.9571819
0.9275775
0.8903261
0.8486238
0.8065045
0.7676102
0.7347823
0.7100802
0.6947784
0.6892386
0.6928075
0.7039314
0.7205465
0.740625
0.7627055
0.7862946
0.8120602
0.8416556
0.8768837
0.9181626
0.9633445
1.008415
1.049597
1.084818
1.113821
1.137586
1.157682
1.175751
1.193146
1.210715
1.228753
1.247072
1.265148
1.282193
1.297022
1.30761
1.310585
1.30169
1.278019
1.240129
1.191506
1.1364
1.078321
1.019629
0.9616924
0.9051908
0.8504142
0.7974886
0.7465177
0.6976411
0.6510406
0.606936
0.5656102
0.5274892
0.4932729
0.4640853
0.4416322
0.4283753
0.4276094
0.4430681
0.4775801
0.5309444
0.5986036
0.6728183
0.7456193
0.811122
0.8661002
0.9094366
0.9413303
0.9626822
0.9747279
0.9788678
0.9766257
0.9696874
0.9599912
0.9498484
0.9420338
0.9397038
0.9459572
0.9629902
0.9910429
1.027444
1.066397
1.1007
1.125069
1.138174
1.141935
1.139685
1.134815
1.130131
1.127621
1.128363
1.132498
1.139254
1.147036
1.153516
1.15561
1.149567
1.131858
1.101203
1.059962
1.01288
0.9646811
0.9187699
0.8771136
0.8404954
0.8087796
0.7811585
0.7564322
0.7333298
0.7108281
0.6883947
0.6661202
0.6447785
0.6259141
0.6120063
0.6065573
0.6136488
0.6365017
0.6754318
0.7269481
0.785225
0.8446264
0.9012109
0.9528304
0.9985728
1.038181
1.071671
1.099163
1.120853
1.137081
1.148433
1.155867
1.16086
1.165481
1.172253
1.183555
1.200513
1.221714
1.242492
1.255979
1.256106
1.240371
1.210119
1.168872
1.120604
1.068804
1.016183
0.9646909
0.9156171
0.8696551
0.8269128
0.7868987
0.748607
0.7108489
0.672821
0.6346087
0.5972563
0.5624272
0.5320692
0.5083717
0.4939333
0.491842
0.5052702
0.5362716
0.5841565
0.6448119
0.7119641
0.7794308
0.8426182
0.8987331
0.9462947
0.9846086
1.013501
1.033274
1.044719
1.04907
1.047944
1.043314
1.037536
1.033355
1.033756
1.041507
1.058361
1.08408
1.11551
1.146438
1.169376
1.17897
1.174172
1.157552
1.133232
1.105298
1.07709
1.051032
1.02862
1.010401
0.9959071
0.9835974
0.9709528
0.9548468
0.9323598
0.9020056
0.8646989
0.8234798
0.7821811
0.744306
0.7126712
0.6894277
0.6760292
0.6730462
0.6799878
0.6953607
0.7170549
0.7429205
0.7713239
0.8015404
0.8338991
0.8695178
0.9094036
0.9530904
0.9979727
1.04037
1.077364
1.107749
1.131894
1.151176
1.167418
1.182438
1.197695
1.214057
1.2317
1.250148
1.268376
1.284863
1.297456
1.303067
1.297781
1.278311
1.244196
1.198235
1.144719
1.087582
1.029638
0.9725663
0.9171776
0.8637121
0.812121
0.7622926
0.7141982
0.6679494
0.6237911
0.5820821
0.5433126
0.5081893
0.4777806
0.4536976
0.4382855
0.4347266
0.4467243
0.477302
0.5267871
0.5913781
0.6639722
0.7368109
0.8037792
0.8611865
0.9074358
0.9423507
0.9665877
0.9812441
0.987647
0.9872738
0.9817671
0.9730122
0.963253
0.9551897
0.9519259
0.9565872
0.9715434
0.9974066
1.032057
1.070189
1.104556
1.1292
1.142025
1.144576
1.14019
1.132443
1.124382
1.118251
1.115392
1.1162
1.120103
1.125619
1.130436
1.131469
1.125013
1.107566
1.077679
1.037378
0.9912045
0.9439109
0.8990642
0.8588362
0.8242149
0.7952309
0.7711598
0.7507668
0.7326194
0.7154384
0.6984102
0.681402
0.6650838
0.6510345
0.6418809
0.6413024
0.653392
0.6809278
0.7232996
0.7761458
0.8334394
0.8900252
0.9427236
0.9901031
1.031806
1.067967
1.098857
1.124738
1.14585
1.162494
1.175168
1.18472
1.192515
1.200483
1.210852
1.225316
1.243659
1.26254
1.275777
1.27693
1.262516
1.233012
1.191485
1.14178
1.087421
1.03122
0.9752605
0.9209908
0.8693251
0.8206981
0.7750796
0.7320004
0.6907007
0.6504832
0.6111593
0.5732877
0.5380542
0.5070235
0.4820744
0.4655654
0.4605264
0.4704971
0.4985118
0.5451579
0.6069833
0.6771613
0.748199
0.814313
0.8721002
0.9200307
0.9577057
0.985352
1.003607
1.013452
1.01618
1.013368
1.006881
0.9989365
0.9921824
0.9896558
0.9944388
1.008893
1.033607
1.066365
1.101707
1.132239
1.151865
1.158408
1.153474
1.140614
1.123689
1.106026
1.090133
1.077618
1.06914
1.064349
1.061849
1.059231
1.05324
1.040249
1.017387
0.9841534
0.9430987
0.8985601
0.8548017
0.8150879
0.7815951
0.7555346
0.737215
0.7260826
0.720858
0.7198276
0.7212532
0.7238099
0.7269773
0.7313386
0.7387574
0.7522803
0.7753404
0.8099114
0.8545822
0.9047305
0.954982
1.001494
1.04256
1.078081
1.108802
1.135721
1.159738
1.181512
1.201454
1.219824
1.23685
1.252855
1.268316
1.28371
1.298853
1.311702
1.317649
1.311188
1.289322
1.25302
1.205718
1.151258
1.092823
1.032733
0.9725972
0.9135134
0.8562258
0.8012244
0.7488008
0.699082
0.6520653
0.6076934
0.5659995
0.5272896
0.4922596
0.4620165
0.4381297
0.4228068
0.4190978
0.4307785
0.4613289
0.5117203
0.5782815
0.6531591
0.7275831
0.794941
0.8516618
0.8965525
0.9298232
0.9523755
0.9654221
0.9703357
0.968617
0.9619181
0.9521091
0.9413895
0.9324091
0.9282781
0.9322477
0.9469099
0.973069
1.008689
1.048521
1.085471
1.11374
1.131196
1.139123
1.140547
1.138785
1.136692
1.136345
1.138934
1.144728
1.153117
1.162725
1.171497
1.176663
1.17464
1.161552
1.135096
1.096545
1.050256
1.001187
0.9531573
0.9084771
0.8681767
0.8323095
0.8002339
0.7709048
0.7431886
0.7161608
0.6893243
0.6627134
0.6369226
0.6131591
0.5933943
0.5805494
0.5784174
0.5908538
0.6200583
0.6648513
0.7206605
0.7815129
0.8422226
0.8993234
0.9508979
0.9960351
1.034368
1.065814
1.090482
1.108683
1.120984
1.128288
1.131942
1.133848
1.136477
1.142589
1.154525
1.173113
1.196529
1.219762
1.235736
1.238316
1.225064
1.197468
1.159208
1.114375
1.066517
1.018365
0.9718501
0.9281962
0.8879497
0.8509476
0.8162924
0.7825037
0.7479963
0.7118059
0.6741561
0.6364449
0.6007421
0.5693281
0.5445923
0.5291584
0.5259014
0.5375102
0.5654576
0.6088327
0.6640583
0.7259864
0.7895592
0.8508703
0.9073014
0.9571391
0.9991837
1.032632
1.0572
1.073259
1.081815
1.084404
1.082996
1.079953
1.077966
1.07986
1.088145
1.104321
1.128031
1.156244
1.183051
1.20114
1.204958
1.193158
1.168282
1.1347
1.096799
1.05814
1.021273
0.9877834
0.9583356
0.932653
0.909501
0.8868152
0.8621225
0.8333092
0.7995371
0.761768
0.722435
0.6845703
0.6511489
0.6249214
0.6084346
0.6038704
0.6125633
0.6344152
0.6676898
0.7094848
0.7566272
0.806447
0.8570962
0.9073952
0.9563414
1.00255
1.044101
1.079066
1.106291
1.125776
1.13857
1.146479
1.15178
1.15695
1.164319
1.175647
1.191677
1.211716
1.233336
1.252353
1.263432
1.261566
1.244026
1.211535
1.167653
1.11697
1.06359
1.010523
0.9596525
0.9118993
0.8673712
0.8255239
0.7853921
0.7459299
0.7064011
0.6666764
0.6273103
0.5894078
0.5544391
0.5241751
0.5007966
0.4870717
0.4863286
0.5018162
0.5352474
0.5852371
0.6471319
0.7146722
0.7820566
0.8450023
0.9007611
0.9477359
0.9851522
1.012888
1.031386
1.041565
1.044739
1.042571
1.037085
1.030723
1.026338
1.02699
1.035403
1.053148
1.079738
1.11181
1.143035
1.165951
1.175388
1.170581
1.154314
1.130786
1.104053
1.077388
1.053144
1.032745
1.016639
1.004221
0.9937828
0.9826447
0.967566
0.9455936
0.9153049
0.8777589
0.8361624
0.794476
0.7562649
0.7243368
0.7007632
0.6868545
0.6830028
0.6885548
0.7019227
0.7209914
0.7436863
0.7685134
0.7949487
0.8235951
0.8559359
0.8934237
0.9359931
0.9811626
1.025003
1.064156
1.097013
1.123669
1.145322
1.163668
1.180416
1.196937
1.214046
1.231947
1.250306
1.268377
1.285069
1.298779
1.306965
1.305889
1.291619
1.262416
1.22007
1.16859
1.112115
1.053802
0.9956492
0.9387301
0.8835021
0.8300942
0.7785283
0.7288541
0.6812009
0.6357752
0.5928506
0.5527942
0.5161522
0.4837888
0.4570496
0.4379396
0.4292848
0.4346611
0.45763
0.4999718
0.5596855
0.6306661
0.7048494
0.7750629
0.8365608
0.8870337
0.9259252
0.9537222
0.9714558
0.9804205
0.9820567
0.9779416
0.9698493
0.9598581
0.9504684
0.944641
0.9455791
0.9561098
0.9777286
1.00956
1.047585
1.085069
1.11516
1.134095
1.142098
1.141928
1.137113
1.130889
1.125781
1.123445
1.124608
1.12905
1.135647
1.142467
1.14682
1.145272
1.134005
1.110265
1.074382
1.030047
0.9822312
0.9351399
0.8915392
0.8528696
0.8195103
0.7910152
0.7663559
0.7442161
0.723325
0.702769
0.6822113
0.6620062
0.6432725
0.6280179
0.6192885
0.621033
0.6371237
0.6693959
0.7159562
0.7716489
0.8304782
0.8877511
0.9407049
0.9881002
1.029577
1.065166
1.095016
1.119313
1.138309
1.152419
1.16235
1.169254
1.174853
1.181423
1.191402
1.20644
1.226061
1.246613
1.26169
1.264731
1.252173
1.224454
1.184674
1.136761
1.084332
1.030279
0.9767318
0.9251501
0.8764135
0.8308585
0.7882732
0.747932
0.7088082
0.6700331
0.6314181
0.5936736
0.5582009
0.5267634
0.5013854
0.4844996
0.4791074
0.4885697
0.5156021
0.560527
0.6200012
0.6877495
0.7569436
0.8222262
0.8802882
0.9294463
0.9690154
0.9989044
1.019477
1.031529
1.036258
1.035207
1.030251
1.023632
1.017998
1.016338
1.021621
1.036056
1.060102
1.091467
1.124653
1.152204
1.167934
1.169657
1.15912
1.140104
1.116681
1.092329
1.069664
1.050385
1.035248
1.024
1.015314
1.006822
0.995362
0.9776043
0.9512324
0.9162732
0.8753714
0.8325433
0.7916762
0.7558576
0.7273318
0.7075523
0.6971156
0.6956637
0.7019339
0.7140556
0.7300312
0.7482559
0.7679612
0.7895115
0.8144371
0.8449287
0.8824928
0.9262687
0.972722
1.017444
1.057243
1.090889
1.118736
1.142035
1.162335
1.181059
1.199238
1.217419
1.2357
1.253862
1.271487
1.287943
1.302079
1.3116
1.312612
1.300696
1.273641
1.232968
1.182569
1.126541
1.068045
1.009141
0.9510168
0.8942961
0.8393018
0.786232
0.7352529
0.6865303
0.6402328
0.5965474
0.5557366
0.5182485
0.4848559
0.4567882
0.4358724
0.4247031
0.4266853
0.4455263
0.4837227
0.5403859
0.6101937
0.6850109
0.7570024
0.8207321
0.8734519
0.914403
0.9440028
0.9632651
0.973479
0.9760754
0.9726095
0.9648102
0.9546763
0.9445963
0.9374239
0.9363525
0.9444056
0.9635281
0.9935096
1.03109
1.070029
1.103246
1.126136
1.138068
1.141316
1.139258
1.135176
1.131706
1.130645
1.132874
1.138339
1.146106
1.154467
1.161007
1.162549
1.155276
1.135815
1.103378
1.060842
1.013115
0.96477
0.9189687
0.8774531
0.8408217
0.8088011
0.780507
0.7547385
0.7303008
0.7063039
0.6823687
0.6587228
0.6362454
0.6165631
0.6022279
0.5967897
0.6043049
0.6278569
0.6675613
0.7197861
0.7786858
0.8386663
0.8958074
0.9479338
0.9940707
1.033888
1.067341
1.09452
1.115631
1.131058
1.141457
1.147878
1.151894
1.155673
1.16182
1.172775
1.189741
1.211424
1.233305
1.24853
1.250794
1.237241
1.208967
1.16943
1.122659
1.072231
1.020941
0.9708017
0.923141
0.8786629
0.8374494
0.7989375
0.7620066
0.7253297
0.6879836
0.6499992
0.6124533
0.5770993
0.5459747
0.5213135
0.5056924
0.5021134
0.5136377
0.5422916
0.5875732
0.6457797
0.711083
0.7775793
0.8407365
0.8976713
0.9467304
0.9870027
1.01808
1.040051
1.053544
1.059695
1.060069
1.056609
1.051644
1.047878
1.048246
1.055483
1.071382
1.095862
1.126051
1.156011
1.178264
1.187095
1.181024
1.162419
1.135444
1.104327
1.072554
1.042668
1.016274
0.9940427
0.9756496
0.9597265
0.943943
0.9253761
0.9012977
0.8703032
0.8331799
0.7926847
0.7523874
0.7156606
